
a byte as two nybbles

0000 0000

0 0 0 0 0 0 0 0
0 0 0 0 0 0 0 0
0 0 0 0 0 0 0 0
0 0 0 0 0 0 0 0
0 0 0 0 0 0 0 0
0 0 0 0 0 0 0 0
0 0 0 0 0 0 0 0
0 0 0 0 0 0 0 0

one byte is 2 chars


1122 1122

1122
1122

AND #%11001100

AND #%00110011


1111 2222

11 22
11 22

AND #$F0
AND #$0F

seems more sensible

how do i set a pixel in the buffer?





sixels
// https://sta.c64.org/cbm64scr.html
// byte 32,126,124,226,123,97,255,236,108,127,225,251,98,252,254,160

32:         00      0000    0
            00

126:        10      1000    1
            00

124:        01      0100    2
            00

226:        11      1100    3
            00

123:        00      0010    4
            10

097:        10      1010    5
            10

255:        01      0110    6
            10

236:        11      1110    7
            10

108:        00      0001    8
            01

127:        10      1001    9
            01

225:        01      0101    10
            01

251:        11      1101    11
            01

98:         00      0011    12
            11

252:        10      1011    13
            11

254:        01      0111    14
            11

160:        11      1111    15
            11




